[background.jpg]
filters=finetune2=1,0.000000,0.238596,0.171228,00000000,0.614035;
moddate=0000b4dbc7cb0000
width=800
height=600
textactive=0
